70
113
131
149
169
186
190
232
264
289
298
325
327
357
373
414
437
460
478
577
579
614
635
680
722
723
766
775
817
850
921
935
947
1058
1131
1162
1195
1209
1246
1247
1290
1299
1310
1313
1364
1429
1471
1480
1506
1544
1582
1604
1630
1634
1783
1811
1813
1993
1995
2086
2170
2212
2243
2296
2297
2300
2325
2347
2371
2508
2574
2646
2663
2687
2732
2829
2838
2892
2929
2958
2994
3010
3059
3089
3133
3159
3216
3275
3305
3320
3389
3413
3492
3545
3556
3558
3559
3606
3707
3727
3735
3756
3812
3839
3855
3878
3940
3970
4048
4083
4119
4157
4162
4185
4236
4270
4325
4336
4486
4492
4521
4524
4585
4733
5052
5148
5169
5191
5260
5400
5418
5451
5502
5567
5603
5622
5623
5657
5746
5790
5883
5927
5940
5965
5970
5971
5993
6025
6038
6081
6131
6226
6276
6384
6435
6460
6545
6549
6636
6657
6721
6738
6800
6893
6907
6942
6958
6964
7007
7012
7014
7029
7055
7061
7104
7185
7263
7347
7367
7438
7446
7449
7490
7524
7649
7700
7726
7806
7826
7838
7999
8107
8126
8144
8190
8208
8260
8290
8331
8446
8450
8677
8702
8754
8842
8915
9060
9085
9130
9242
9253
9275
9276
9297
9328
9372
9462
9476
9685
9716
9731
9759
9925
9929
9931
9958
9962
9963
9973
10049
10110
10170
10176
10293
10296
10371
10484
10620
10807
10887
10905
10931
10942
10964
11034
11092
11095
11101
11198
11255
11320
11342
11358
11365
11392
11449
11495
11542
11584
11833
11860
11953
12024
12043
12084
12225
12340
12562
12579
12582
12660
12698
12729
12758
12780
12829
12913
12984
12996
13083
13108
13219
13252
13259
13269
13271
13278
13328
13332
13333
13355
13379
13382
13386
13405
13464
13467
13563
13576
13599
13635
13653
13856
13883
13912
13922
13932
13953
13959
13985
13996
14005
14129
14155
14200
14217
14225
14246
14283
14318
14331
14352
14374
14409
14471
14583
14650
14678
14690
14691
14737
14750
14800
14835
14965
14979
14991
15053
15160
15203
15243
15351
15432
15436
15462
15469
15523
15528
15544
15670
15764
15775
15784
15800
15811
15836
15956
16093
16143
16168
16253
16279
16284
16292
16305
16340
16471
16524
16614
16623
16711
16757
16805
16845
16854
16855
16878
16882
16971
17078
17112
17125
17191
17225
17231
17318
17323
17357
17363
17365
17463
17508
17679
17692
17794
17798
17853
17925
17929
17993
18069
18204